2.000000000000000000e+00
2.000000000000000000e+00
2.000000000000000000e+00
2.000000000000000000e+00
2.000000000000000000e+00
2.000000000000000000e+00
2.538098649414598729e+00
2.603691780853951698e+00
2.690706675452521068e+00
3.024723275241244735e+00
3.034287662029494292e+00
3.289614881709980398e+00
3.309077150345282270e+00
3.524012816700923700e+00
3.534772084825315019e+00
3.760545975665979590e+00
3.848116381820538834e+00
4.133093697474864214e+00
4.449271335009805206e+00
4.554305737169362267e+00
4.611772824959725625e+00
4.659488084093648119e+00
4.674302773569861458e+00
4.720592718367496943e+00
4.804034284372453278e+00
4.827752623842751944e+00
4.842028952917711848e+00
4.910145417251625233e+00
4.980234836074248328e+00
5.013186529844182893e+00
5.017161201150610594e+00
5.045497327596949688e+00
5.062384815842949415e+00
5.170758293826105856e+00
5.285237288985156212e+00
5.383000759023198967e+00
5.420833422688292380e+00
5.432080200965518024e+00
5.505273060813038022e+00
5.528976554381647368e+00
5.584215574420098527e+00
5.624344657532135194e+00
5.669166716023827490e+00
5.975561701668642201e+00
6.118308126981775175e+00
6.227476979853629580e+00
6.246504510089828877e+00
6.328784311749119595e+00
6.361095819489146486e+00
6.395313129693901644e+00
6.437219397786892117e+00
6.476628485889197151e+00
6.512589978355851628e+00
6.537376823508334489e+00
6.643835980739154934e+00
6.735670351920180821e+00
6.814525979374836062e+00
6.885502525546215224e+00
6.892013529804531302e+00
6.920292453236104535e+00
7.041295536134467348e+00
7.054718283991052274e+00
7.092196194338447057e+00
7.133109590184910864e+00
7.220751304704639217e+00
7.291594705917948893e+00
7.308258952375143558e+00
7.387404468362363197e+00
7.415211644434065441e+00
7.425168226745036293e+00
7.483887935265999047e+00
7.487745444626561664e+00
7.636660281484260793e+00
7.802190991308620482e+00
7.881427013899574341e+00
7.977653098038975266e+00
8.002388376949062021e+00
8.185212042333443350e+00
8.248518480128961272e+00
8.262890410517247375e+00
8.290631419407965552e+00
8.372055469618207013e+00
8.426866486813741730e+00
8.444204107091895395e+00
8.552555609237330714e+00
8.695192699834878525e+00
8.821730168517756709e+00
9.353179963303151823e+00
9.394922744845139562e+00
9.419840350117262062e+00
9.433195904143897081e+00
9.510785297092652968e+00
1.000743105852580328e+01
1.005296062575217064e+01
1.050489821325904316e+01
1.055551608286816112e+01
1.062335007577995682e+01
1.084559515386246886e+01
1.210837868567048226e+01
1.336813092982052353e+01
