2.000000000000000000e+00
2.000000000000000000e+00
2.000000000000000000e+00
2.000000000000000000e+00
2.000000000000000000e+00
2.000000000000000000e+00
2.125850494069875474e+00
2.359662499106628175e+00
2.396155641783355605e+00
2.421682232617910824e+00
2.589936423985649494e+00
2.967646446306786423e+00
3.001788785581223529e+00
3.076847045374852652e+00
3.195932425330508586e+00
3.377761508194947915e+00
3.466987966965253243e+00
3.470355858148200578e+00
3.536235968713481004e+00
3.642171875353350075e+00
3.717370517836346977e+00
3.792352100745338017e+00
3.837984238277581284e+00
3.919133487271651894e+00
3.982665808165166688e+00
4.203490740583701424e+00
4.270150764306285041e+00
4.340883268852610222e+00
4.631605402661000070e+00
4.676607336513758817e+00
4.703361297866701207e+00
4.752012276746173214e+00
4.800681608809290069e+00
4.890330771742570803e+00
4.951522399486895765e+00
5.302940387793933397e+00
5.405427096944958265e+00
5.427244734233215517e+00
5.455774462997731611e+00
5.481446258537602034e+00
5.535773708734058829e+00
5.543597206648124498e+00
5.557512514388974978e+00
5.694056060476900605e+00
5.766835590038690285e+00
5.799604531976835453e+00
5.805714405655096222e+00
5.916005790408366494e+00
6.061152210406618224e+00
6.118923105941984630e+00
6.135719316922957134e+00
6.158763146348924522e+00
6.201765662611776087e+00
6.256837891636094717e+00
6.299636273731165304e+00
6.345313294303205787e+00
6.404078833531807291e+00
6.600033590169828379e+00
6.610526049705732987e+00
6.787662327406907004e+00
6.791805665859506291e+00
6.803652847671795456e+00
6.810237003157924462e+00
6.845740814613891168e+00
6.985049934570550789e+00
7.012811356102611526e+00
7.204865396791372945e+00
7.257038071058698137e+00
7.265837927434866117e+00
7.276855616650685477e+00
7.313353619858580679e+00
7.376240692666899079e+00
7.444431971455960806e+00
7.449789515358793857e+00
7.504564074275591246e+00
7.518354479764807863e+00
7.531342014644434535e+00
7.546338817919962416e+00
7.562982344535617685e+00
7.689804132174625551e+00
7.708715833142015583e+00
7.710907110900437900e+00
7.823777848709266181e+00
7.968878942478380800e+00
7.991695377365777730e+00
7.992750261714294702e+00
8.093261804647802649e+00
8.170225709588716967e+00
8.325230347620220073e+00
8.482819761845739492e+00
8.861124689350209138e+00
8.879638100014979329e+00
8.945758739657508229e+00
9.043760040469583927e+00
9.142228366767675141e+00
9.295395467008830792e+00
1.052279092983675213e+01
1.073206537452255915e+01
1.099762991923732613e+01
1.439032770835725117e+01
